ts,programs_running,programs_idle,programs_marked,programs_paused,holds_reasoning,holds_paused,holds_new,releases_reasoning,releases_paused,releases_new,pauses_total,resumes_total,rebinds_total,starvation_promotions_total,pod_utilization,fc_queue_size,fc_queue_wait_sum,fc_queue_wait_count,working_set_undecayed,working_set_decayed,capacity_tokens
1790775021.6,,,,,,,,,,,,,,,,,,,,,
1790775023.7,,,,,,,,,,,,,,,,,,,,,
1790775025.7,,,,,,,,,,,,,,,,,,,,,
1790775027.7,,,,,,,,,,,,,,,,,,,,,
1790775029.7,,,,,,,,,,,,,,,,,,,,,
1790775031.8,,,,,,,,,,,,,,,,,,,,,
1790775033.8,,,,,,,,,,,,,,,,,,,,,
1790775035.8,,,,,,,,,,,,,,,,,,,,,
1790775037.9,,,,,,,,,,,,,,,,,,,,,
1790775039.9,,,,,,,,,,,,,,,,,,,,,
1790775041.9,,,,,,,,,,,,,,,,,,,,,
1790775043.9,,,,,,,,,,,,,,,,,,,,,
1790775046.0,,,,,,,,,,,,,,,,,,,,,
1790775048.0,,,,,,,,,,,,,,,,,,,,,
1790775050.0,,,,,,,,,,,,,,,,,,,,,
1790775052.0,,,,,,,,,,,,,,,,,,,,,
1790775054.1,,,,,,,,,,,,,,,,,,,,,
1790775056.1,,,,,,,,,,,,,,,,,,,,,
1790775058.1,,,,,,,,,,,,,,,,,,,,,
1790775060.2,,,,,,,,,,,,,,,,,,,,,
1790775062.2,,,,,,,,,,,,,,,,,,,,,
1790775064.2,,,,,,,,,,,,,,,,,,,,,
1790775066.3,,,,,,,,,,,,,,,,,,,,,
1790775068.3,,,,,,,,,,,,,,,,,,,,,
1790775070.3,,,,,,,,,,,,,,,,,,,,,
1790775072.3,,,,,,,,,,,,,,,,,,,,,
1790775074.4,,,,,,,,,,,,,,,,,,,,,
1790775076.4,,,,,,,,,,,,,,,,,,,,,
1790775078.4,,,,,,,,,,,,,,,,,,,,,
1790775080.5,,,,,,,,,,,,,,,,,,,,,
1790775082.5,,,,,,,,,,,,,,,,,,,,,
1790775084.5,,,,,,,,,,,,,,,,,,,,,
1790775086.5,,,,,,,,,,,,,,,,,,,,,
1790775088.6,,,,,,,,,,,,,,,,,,,,,
1790775090.6,,,,,,,,,,,,,,,,,,,,,
1790775092.7,,,,,,,,,,,,,,,,,,,,,
1790775094.7,,,,,,,,,,,,,,,,,,,,,
1790775096.8,,,,,,,,,,,,,,,,,,,,,
1790775098.8,,,,,,,,,,,,,,,,,,,,,
1790775100.9,,,,,,,,,,,,,,,,,,,,,
1790775103.0,,,,,,,,,,,,,,,,,,,,,
1790775105.0,,,,,,,,,,,,,,,,,,,,,
1790775107.1,,,,,,,,,,,,,,,,,,,,,
1790775109.1,,,,,,,,,,,,,,,,,,,,,
1790775111.2,,,,,,,,,,,,,,,,,,,,,
1790775113.3,,,,,,,,,,,,,,,,,,,,,
1790775115.3,,,,,,,,,,,,,,,,,,,,,
1790775117.4,,,,,,,,,,,,,,,,,,,,,
1790775119.4,,,,,,,,,,,,,,,,,,,,,
1790775121.5,,,,,,,,,,,,,,,,,,,,,
1790775123.5,,,,,,,,,,,,,,,,,,,,,
1790775125.6,,,,,,,,,,,,,,,,,,,,,
1790775127.6,,,,,,,,,,,,,,,,,,,,,
1790775129.7,,,,,,,,,,,,,,,,,,,,,
1790775131.7,,,,,,,,,,,,,,,,,,,,,
1790775133.8,,,,,,,,,,,,,,,,,,,,,
1790775135.9,,,,,,,,,,,,,,,,,,,,,
1790775137.9,,,,,,,,,,,,,,,,,,,,,
1790775140.0,,,,,,,,,,,,,,,,,,,,,
1790775142.0,,,,,,,,,,,,,,,,,,,,,
1790775144.1,,,,,,,,,,,,,,,,,,,,,
1790775146.1,,,,,,,,,,,,,,,,,,,,,
1790775148.2,,,,,,,,,,,,,,,,,,,,,
1790775150.3,,,,,,,,,,,,,,,,,,,,,
1790775152.3,,,,,,,,,,,,,,,,,,,,,
1790775154.4,,,,,,,,,,,,,,,,,,,,,
1790775156.4,,,,,,,,,,,,,,,,,,,,,
1790775158.5,,,,,,,,,,,,,,,,,,,,,
1790775160.6,,,,,,,,,,,,,,,,,,,,,
1790775162.6,,,,,,,,,,,,,,,,,,,,,
1790775164.7,,,,,,,,,,,,,,,,,,,,,
1790775166.7,,,,,,,,,,,,,,,,,,,,,
1790775168.8,,,,,,,,,,,,,,,,,,,,,
1790775170.9,,,,,,,,,,,,,,,,,,,,,
1790775172.9,,,,,,,,,,,,,,,,,,,,,
1790775175.0,,,,,,,,,,,,,,,,,,,,,
1790775177.0,,,,,,,,,,,,,,,,,,,,,
1790775179.1,,,,,,,,,,,,,,,,,,,,,
1790775181.1,,,,,,,,,,,,,,,,,,,,,
1790775183.2,,,,,,,,,,,,,,,,,,,,,
1790775185.3,,,,,,,,,,,,,,,,,,,,,
1790775187.3,,,,,,,,,,,,,,,,,,,,,
1790775189.4,,,,,,,,,,,,,,,,,,,,,
1790775191.4,,,,,,,,,,,,,,,,,,,,,
1790775193.5,,,,,,,,,,,,,,,,,,,,,
1790775195.6,,,,,,,,,,,,,,,,,,,,,
1790775197.6,,,,,,,,,,,,,,,,,,,,,
1790775199.7,,,,,,,,,,,,,,,,,,,,,
1790775201.8,,,,,,,,,,,,,,,,,,,,,
1790775203.8,,,,,,,,,,,,,,,,,,,,,
1790775205.9,,,,,,,,,,,,,,,,,,,,,
1790775208.0,,,,,,,,,,,,,,,,,,,,,
1790775210.1,,,,,,,,,,,,,,,,,,,,,
1790775212.1,,,,,,,,,,,,,,,,,,,,,
1790775214.2,,,,,,,,,,,,,,,,,,,,,
1790775216.2,,,,,,,,,,,,,,,,,,,,,
1790775218.3,,,,,,,,,,,,,,,,,,,,,
1790775220.4,,,,,,,,,,,,,,,,,,,,,
1790775222.4,,,,,,,,,,,,,,,,,,,,,
1790775224.5,,,,,,,,,,,,,,,,,,,,,
1790775226.5,,,,,,,,,,,,,,,,,,,,,
1790775228.6,,,,,,,,,,,,,,,,,,,,,
1790775230.6,,,,,,,,,,,,,,,,,,,,,
1790775232.7,,,,,,,,,,,,,,,,,,,,,
1790775234.7,,,,,,,,,,,,,,,,,,,,,
1790775236.8,,,,,,,,,,,,,,,,,,,,,
1790775238.8,,,,,,,,,,,,,,,,,,,,,
1790775240.9,,,,,,,,,,,,,,,,,,,,,
1790775243.0,,,,,,,,,,,,,,,,,,,,,
1790775245.0,,,,,,,,,,,,,,,,,,,,,
1790775247.1,,,,,,,,,,,,,,,,,,,,,
1790775249.1,,,,,,,,,,,,,,,,,,,,,
1790775251.2,,,,,,,,,,,,,,,,,,,,,
1790775253.2,,,,,,,,,,,,,,,,,,,,,
1790775255.3,,,,,,,,,,,,,,,,,,,,,
1790775257.3,,,,,,,,,,,,,,,,,,,,,
1790775259.4,,,,,,,,,,,,,,,,,,,,,
1790775261.4,,,,,,,,,,,,,,,,,,,,,
1790775263.5,,,,,,,,,,,,,,,,,,,,,
1790775265.6,,,,,,,,,,,,,,,,,,,,,
1790775267.6,,,,,,,,,,,,,,,,,,,,,
1790775269.7,,,,,,,,,,,,,,,,,,,,,
1790775271.7,,,,,,,,,,,,,,,,,,,,,
1790775273.8,,,,,,,,,,,,,,,,,,,,,
1790775275.8,,,,,,,,,,,,,,,,,,,,,
1790775277.9,,,,,,,,,,,,,,,,,,,,,
1790775279.9,,,,,,,,,,,,,,,,,,,,,
1790775282.0,,,,,,,,,,,,,,,,,,,,,
1790775284.1,,,,,,,,,,,,,,,,,,,,,
1790775286.1,,,,,,,,,,,,,,,,,,,,,
1790775288.2,,,,,,,,,,,,,,,,,,,,,
1790775290.2,,,,,,,,,,,,,,,,,,,,,
1790775292.3,,,,,,,,,,,,,,,,,,,,,
1790775294.3,,,,,,,,,,,,,,,,,,,,,
1790775296.4,,,,,,,,,,,,,,,,,,,,,
1790775298.4,,,,,,,,,,,,,,,,,,,,,
1790775300.5,,,,,,,,,,,,,,,,,,,,,
1790775302.5,,,,,,,,,,,,,,,,,,,,,
1790775304.6,,,,,,,,,,,,,,,,,,,,,
1790775306.6,,,,,,,,,,,,,,,,,,,,,
1790775308.7,,,,,,,,,,,,,,,,,,,,,
1790775310.8,,,,,,,,,,,,,,,,,,,,,
1790775312.9,,,,,,,,,,,,,,,,,,,,,
1790775314.9,,,,,,,,,,,,,,,,,,,,,
1790775317.0,,,,,,,,,,,,,,,,,,,,,
1790775319.0,,,,,,,,,,,,,,,,,,,,,
1790775321.1,,,,,,,,,,,,,,,,,,,,,
1790775323.1,,,,,,,,,,,,,,,,,,,,,
1790775325.2,,,,,,,,,,,,,,,,,,,,,
1790775327.3,,,,,,,,,,,,,,,,,,,,,
1790775329.4,,,,,,,,,,,,,,,,,,,,,
1790775331.4,,,,,,,,,,,,,,,,,,,,,
1790775333.5,,,,,,,,,,,,,,,,,,,,,
1790775335.6,,,,,,,,,,,,,,,,,,,,,
1790775337.6,,,,,,,,,,,,,,,,,,,,,
1790775339.7,,,,,,,,,,,,,,,,,,,,,
1790775341.8,,,,,,,,,,,,,,,,,,,,,
1790775343.9,,,,,,,,,,,,,,,,,,,,,
1790775345.9,,,,,,,,,,,,,,,,,,,,,
1790775348.0,,,,,,,,,,,,,,,,,,,,,
1790775350.0,,,,,,,,,,,,,,,,,,,,,
1790775352.1,,,,,,,,,,,,,,,,,,,,,
1790775354.1,,,,,,,,,,,,,,,,,,,,,
1790775356.2,,,,,,,,,,,,,,,,,,,,,
1790775358.2,,,,,,,,,,,,,,,,,,,,,
1790775360.3,,,,,,,,,,,,,,,,,,,,,
1790775362.4,,,,,,,,,,,,,,,,,,,,,
1790775364.4,,,,,,,,,,,,,,,,,,,,,
1790775366.5,,,,,,,,,,,,,,,,,,,,,
1790775368.5,,,,,,,,,,,,,,,,,,,,,
1790775370.6,,,,,,,,,,,,,,,,,,,,,
1790775372.7,,,,,,,,,,,,,,,,,,,,,
1790775374.7,,,,,,,,,,,,,,,,,,,,,
1790775376.8,,,,,,,,,,,,,,,,,,,,,
1790775378.8,,,,,,,,,,,,,,,,,,,,,
1790775380.9,,,,,,,,,,,,,,,,,,,,,
1790775382.9,,,,,,,,,,,,,,,,,,,,,
1790775385.0,,,,,,,,,,,,,,,,,,,,,
1790775387.0,,,,,,,,,,,,,,,,,,,,,
1790775389.1,,,,,,,,,,,,,,,,,,,,,
1790775391.1,,,,,,,,,,,,,,,,,,,,,
1790775393.2,,,,,,,,,,,,,,,,,,,,,
1790775395.3,,,,,,,,,,,,,,,,,,,,,
1790775397.3,,,,,,,,,,,,,,,,,,,,,
1790775399.4,,,,,,,,,,,,,,,,,,,,,
1790775401.4,,,,,,,,,,,,,,,,,,,,,
1790775403.5,,,,,,,,,,,,,,,,,,,,,
1790775405.6,,,,,,,,,,,,,,,,,,,,,
1790775407.6,,,,,,,,,,,,,,,,,,,,,
1790775409.7,,,,,,,,,,,,,,,,,,,,,
1790775411.7,,,,,,,,,,,,,,,,,,,,,
1790775413.8,,,,,,,,,,,,,,,,,,,,,
1790775415.8,,,,,,,,,,,,,,,,,,,,,
1790775417.9,,,,,,,,,,,,,,,,,,,,,
1790775419.9,,,,,,,,,,,,,,,,,,,,,
1790775422.0,,,,,,,,,,,,,,,,,,,,,
1790775424.1,,,,,,,,,,,,,,,,,,,,,
1790775426.1,,,,,,,,,,,,,,,,,,,,,
1790775428.2,,,,,,,,,,,,,,,,,,,,,
1790775430.2,,,,,,,,,,,,,,,,,,,,,
1790775432.3,,,,,,,,,,,,,,,,,,,,,
1790775434.3,,,,,,,,,,,,,,,,,,,,,
1790775436.4,,,,,,,,,,,,,,,,,,,,,
1790775438.4,,,,,,,,,,,,,,,,,,,,,
1790775440.5,,,,,,,,,,,,,,,,,,,,,
1790775442.5,,,,,,,,,,,,,,,,,,,,,
1790775444.6,,,,,,,,,,,,,,,,,,,,,
1790775446.7,,,,,,,,,,,,,,,,,,,,,
1790775448.7,,,,,,,,,,,,,,,,,,,,,
1790775450.8,,,,,,,,,,,,,,,,,,,,,
1790775452.8,,,,,,,,,,,,,,,,,,,,,
1790775454.9,,,,,,,,,,,,,,,,,,,,,
1790775456.9,,,,,,,,,,,,,,,,,,,,,
1790775459.0,,,,,,,,,,,,,,,,,,,,,
1790775461.0,,,,,,,,,,,,,,,,,,,,,
1790775463.1,,,,,,,,,,,,,,,,,,,,,
1790775465.2,,,,,,,,,,,,,,,,,,,,,
1790775467.2,,,,,,,,,,,,,,,,,,,,,
1790775469.3,,,,,,,,,,,,,,,,,,,,,
1790775471.3,,,,,,,,,,,,,,,,,,,,,
1790775473.4,,,,,,,,,,,,,,,,,,,,,
1790775475.5,,,,,,,,,,,,,,,,,,,,,
1790775477.5,,,,,,,,,,,,,,,,,,,,,
1790775479.6,,,,,,,,,,,,,,,,,,,,,
1790775481.6,,,,,,,,,,,,,,,,,,,,,
1790775483.7,,,,,,,,,,,,,,,,,,,,,
1790775485.7,,,,,,,,,,,,,,,,,,,,,
1790775487.8,,,,,,,,,,,,,,,,,,,,,
1790775489.9,,,,,,,,,,,,,,,,,,,,,
1790775491.9,,,,,,,,,,,,,,,,,,,,,
1790775494.0,,,,,,,,,,,,,,,,,,,,,
1790775496.0,,,,,,,,,,,,,,,,,,,,,
1790775498.1,,,,,,,,,,,,,,,,,,,,,
1790775500.1,,,,,,,,,,,,,,,,,,,,,
1790775502.2,,,,,,,,,,,,,,,,,,,,,
1790775504.2,,,,,,,,,,,,,,,,,,,,,
1790775506.3,,,,,,,,,,,,,,,,,,,,,
1790775508.4,,,,,,,,,,,,,,,,,,,,,
1790775510.4,,,,,,,,,,,,,,,,,,,,,
1790775512.5,,,,,,,,,,,,,,,,,,,,,
1790775514.5,,,,,,,,,,,,,,,,,,,,,
1790775516.6,,,,,,,,,,,,,,,,,,,,,
1790775518.6,,,,,,,,,,,,,,,,,,,,,
1790775520.7,,,,,,,,,,,,,,,,,,,,,
1790775522.7,,,,,,,,,,,,,,,,,,,,,
1790775524.8,,,,,,,,,,,,,,,,,,,,,
1790775526.9,,,,,,,,,,,,,,,,,,,,,
1790775528.9,,,,,,,,,,,,,,,,,,,,,
1790775531.0,,,,,,,,,,,,,,,,,,,,,
1790775533.1,,,,,,,,,,,,,,,,,,,,,
1790775535.1,,,,,,,,,,,,,,,,,,,,,
1790775537.2,,,,,,,,,,,,,,,,,,,,,
1790775539.3,,,,,,,,,,,,,,,,,,,,,
1790775541.3,,,,,,,,,,,,,,,,,,,,,
1790775543.4,,,,,,,,,,,,,,,,,,,,,
1790775545.4,,,,,,,,,,,,,,,,,,,,,
1790775547.5,,,,,,,,,,,,,,,,,,,,,
1790775549.5,,,,,,,,,,,,,,,,,,,,,
1790775551.6,,,,,,,,,,,,,,,,,,,,,
1790775553.6,,,,,,,,,,,,,,,,,,,,,
1790775555.7,,,,,,,,,,,,,,,,,,,,,
1790775557.8,,,,,,,,,,,,,,,,,,,,,
1790775559.8,,,,,,,,,,,,,,,,,,,,,
1790775561.9,,,,,,,,,,,,,,,,,,,,,
1790775563.9,,,,,,,,,,,,,,,,,,,,,
1790775566.0,,,,,,,,,,,,,,,,,,,,,
1790775568.0,,,,,,,,,,,,,,,,,,,,,
1790775570.1,,,,,,,,,,,,,,,,,,,,,
1790775572.2,,,,,,,,,,,,,,,,,,,,,
1790775574.2,,,,,,,,,,,,,,,,,,,,,
1790775576.3,,,,,,,,,,,,,,,,,,,,,
1790775578.3,,,,,,,,,,,,,,,,,,,,,
1790775580.4,,,,,,,,,,,,,,,,,,,,,
1790775582.4,,,,,,,,,,,,,,,,,,,,,
1790775584.5,,,,,,,,,,,,,,,,,,,,,
1790775586.5,,,,,,,,,,,,,,,,,,,,,
1790775588.6,,,,,,,,,,,,,,,,,,,,,
1790775590.7,,,,,,,,,,,,,,,,,,,,,
1790775592.7,,,,,,,,,,,,,,,,,,,,,
1790775594.8,,,,,,,,,,,,,,,,,,,,,
1790775596.8,,,,,,,,,,,,,,,,,,,,,
1790775598.9,,,,,,,,,,,,,,,,,,,,,
1790775600.9,,,,,,,,,,,,,,,,,,,,,
1790775603.0,,,,,,,,,,,,,,,,,,,,,
1790775605.0,,,,,,,,,,,,,,,,,,,,,
1790775607.1,,,,,,,,,,,,,,,,,,,,,
1790775609.1,,,,,,,,,,,,,,,,,,,,,
1790775611.2,,,,,,,,,,,,,,,,,,,,,
1790775613.3,,,,,,,,,,,,,,,,,,,,,
1790775615.3,,,,,,,,,,,,,,,,,,,,,
1790775617.4,,,,,,,,,,,,,,,,,,,,,
1790775619.4,,,,,,,,,,,,,,,,,,,,,
1790775621.5,,,,,,,,,,,,,,,,,,,,,
1790775623.5,,,,,,,,,,,,,,,,,,,,,
1790775625.6,,,,,,,,,,,,,,,,,,,,,
1790775627.7,,,,,,,,,,,,,,,,,,,,,
1790775629.7,,,,,,,,,,,,,,,,,,,,,
1790775631.8,,,,,,,,,,,,,,,,,,,,,
1790775633.8,,,,,,,,,,,,,,,,,,,,,
1790775635.9,,,,,,,,,,,,,,,,,,,,,
1790775637.9,,,,,,,,,,,,,,,,,,,,,
1790775640.0,,,,,,,,,,,,,,,,,,,,,
1790775642.0,,,,,,,,,,,,,,,,,,,,,
1790775644.1,,,,,,,,,,,,,,,,,,,,,
1790775646.2,,,,,,,,,,,,,,,,,,,,,
1790775648.2,,,,,,,,,,,,,,,,,,,,,
1790775650.3,,,,,,,,,,,,,,,,,,,,,
1790775652.3,,,,,,,,,,,,,,,,,,,,,
1790775654.4,,,,,,,,,,,,,,,,,,,,,
1790775656.4,,,,,,,,,,,,,,,,,,,,,
1790775658.5,,,,,,,,,,,,,,,,,,,,,
1790775660.6,,,,,,,,,,,,,,,,,,,,,
1790775662.6,,,,,,,,,,,,,,,,,,,,,
1790775664.7,,,,,,,,,,,,,,,,,,,,,
1790775666.7,,,,,,,,,,,,,,,,,,,,,
1790775668.8,,,,,,,,,,,,,,,,,,,,,
1790775670.8,,,,,,,,,,,,,,,,,,,,,
1790775672.9,,,,,,,,,,,,,,,,,,,,,
1790775674.9,,,,,,,,,,,,,,,,,,,,,
1790775677.0,,,,,,,,,,,,,,,,,,,,,
1790775679.1,,,,,,,,,,,,,,,,,,,,,
1790775681.1,,,,,,,,,,,,,,,,,,,,,
1790775683.2,,,,,,,,,,,,,,,,,,,,,
1790775685.2,,,,,,,,,,,,,,,,,,,,,
1790775687.3,,,,,,,,,,,,,,,,,,,,,
1790775689.3,,,,,,,,,,,,,,,,,,,,,
1790775691.4,,,,,,,,,,,,,,,,,,,,,
1790775693.4,,,,,,,,,,,,,,,,,,,,,
1790775695.5,,,,,,,,,,,,,,,,,,,,,
1790775697.5,,,,,,,,,,,,,,,,,,,,,
1790775699.6,,,,,,,,,,,,,,,,,,,,,
1790775701.7,,,,,,,,,,,,,,,,,,,,,
1790775703.7,,,,,,,,,,,,,,,,,,,,,
1790775705.8,,,,,,,,,,,,,,,,,,,,,
1790775707.8,,,,,,,,,,,,,,,,,,,,,
1790775709.9,,,,,,,,,,,,,,,,,,,,,
1790775711.9,,,,,,,,,,,,,,,,,,,,,
1790775714.0,,,,,,,,,,,,,,,,,,,,,
1790775716.2,,,,,,,,,,,,,,,,,,,,,
1790775718.2,,,,,,,,,,,,,,,,,,,,,
1790775720.3,,,,,,,,,,,,,,,,,,,,,
1790775722.4,,,,,,,,,,,,,,,,,,,,,
1790775724.4,,,,,,,,,,,,,,,,,,,,,
1790775726.5,,,,,,,,,,,,,,,,,,,,,
1790775728.5,,,,,,,,,,,,,,,,,,,,,
1790775730.6,,,,,,,,,,,,,,,,,,,,,
1790775732.6,,,,,,,,,,,,,,,,,,,,,
1790775734.7,,,,,,,,,,,,,,,,,,,,,
1790775736.8,,,,,,,,,,,,,,,,,,,,,
1790775738.8,,,,,,,,,,,,,,,,,,,,,
1790775740.9,,,,,,,,,,,,,,,,,,,,,
1790775742.9,,,,,,,,,,,,,,,,,,,,,
1790775745.0,,,,,,,,,,,,,,,,,,,,,
1790775747.0,,,,,,,,,,,,,,,,,,,,,
1790775749.1,,,,,,,,,,,,,,,,,,,,,
1790775751.1,,,,,,,,,,,,,,,,,,,,,
1790775753.2,,,,,,,,,,,,,,,,,,,,,
1790775755.3,,,,,,,,,,,,,,,,,,,,,
1790775757.3,,,,,,,,,,,,,,,,,,,,,
1790775759.4,,,,,,,,,,,,,,,,,,,,,
1790775761.4,,,,,,,,,,,,,,,,,,,,,
1790775763.5,,,,,,,,,,,,,,,,,,,,,
1790775765.5,,,,,,,,,,,,,,,,,,,,,
1790775767.6,,,,,,,,,,,,,,,,,,,,,
1790775769.6,,,,,,,,,,,,,,,,,,,,,
1790775771.7,,,,,,,,,,,,,,,,,,,,,
1790775773.7,,,,,,,,,,,,,,,,,,,,,
1790775775.8,,,,,,,,,,,,,,,,,,,,,
1790775777.9,,,,,,,,,,,,,,,,,,,,,
1790775779.9,,,,,,,,,,,,,,,,,,,,,
1790775782.0,,,,,,,,,,,,,,,,,,,,,
1790775784.0,,,,,,,,,,,,,,,,,,,,,
1790775786.1,,,,,,,,,,,,,,,,,,,,,
1790775788.1,,,,,,,,,,,,,,,,,,,,,
1790775790.2,,,,,,,,,,,,,,,,,,,,,
1790775792.2,,,,,,,,,,,,,,,,,,,,,
1790775794.3,,,,,,,,,,,,,,,,,,,,,
1790775796.3,,,,,,,,,,,,,,,,,,,,,
1790775798.4,,,,,,,,,,,,,,,,,,,,,
1790775800.5,,,,,,,,,,,,,,,,,,,,,
1790775802.5,,,,,,,,,,,,,,,,,,,,,
1790775804.6,,,,,,,,,,,,,,,,,,,,,
1790775806.6,,,,,,,,,,,,,,,,,,,,,
1790775808.7,,,,,,,,,,,,,,,,,,,,,
1790775810.7,,,,,,,,,,,,,,,,,,,,,
1790775812.8,,,,,,,,,,,,,,,,,,,,,
1790775814.8,,,,,,,,,,,,,,,,,,,,,
1790775816.9,,,,,,,,,,,,,,,,,,,,,
1790775818.9,,,,,,,,,,,,,,,,,,,,,
1790775821.0,,,,,,,,,,,,,,,,,,,,,
1790775823.1,,,,,,,,,,,,,,,,,,,,,
1790775825.1,,,,,,,,,,,,,,,,,,,,,
1790775827.2,,,,,,,,,,,,,,,,,,,,,
1790775829.2,,,,,,,,,,,,,,,,,,,,,
1790775831.3,,,,,,,,,,,,,,,,,,,,,
1790775833.3,,,,,,,,,,,,,,,,,,,,,
1790775835.4,,,,,,,,,,,,,,,,,,,,,
1790775837.4,,,,,,,,,,,,,,,,,,,,,
1790775839.5,,,,,,,,,,,,,,,,,,,,,
1790775841.6,,,,,,,,,,,,,,,,,,,,,
1790775843.6,,,,,,,,,,,,,,,,,,,,,
1790775845.7,,,,,,,,,,,,,,,,,,,,,
1790775847.7,,,,,,,,,,,,,,,,,,,,,
1790775849.8,,,,,,,,,,,,,,,,,,,,,
1790775851.8,,,,,,,,,,,,,,,,,,,,,
1790775853.9,,,,,,,,,,,,,,,,,,,,,
1790775855.9,,,,,,,,,,,,,,,,,,,,,
1790775858.0,,,,,,,,,,,,,,,,,,,,,
1790775860.1,,,,,,,,,,,,,,,,,,,,,
1790775862.1,,,,,,,,,,,,,,,,,,,,,
1790775864.2,,,,,,,,,,,,,,,,,,,,,
1790775866.2,,,,,,,,,,,,,,,,,,,,,
1790775868.3,,,,,,,,,,,,,,,,,,,,,
1790775870.3,,,,,,,,,,,,,,,,,,,,,
1790775872.4,,,,,,,,,,,,,,,,,,,,,
1790775874.4,,,,,,,,,,,,,,,,,,,,,
1790775876.5,,,,,,,,,,,,,,,,,,,,,
1790775878.5,,,,,,,,,,,,,,,,,,,,,
1790775880.6,,,,,,,,,,,,,,,,,,,,,
1790775882.7,,,,,,,,,,,,,,,,,,,,,
1790775884.7,,,,,,,,,,,,,,,,,,,,,
1790775886.8,,,,,,,,,,,,,,,,,,,,,
1790775888.8,,,,,,,,,,,,,,,,,,,,,
1790775890.9,,,,,,,,,,,,,,,,,,,,,
1790775892.9,,,,,,,,,,,,,,,,,,,,,
1790775895.0,,,,,,,,,,,,,,,,,,,,,
1790775897.1,,,,,,,,,,,,,,,,,,,,,
1790775899.1,,,,,,,,,,,,,,,,,,,,,
1790775901.2,,,,,,,,,,,,,,,,,,,,,
1790775903.2,,,,,,,,,,,,,,,,,,,,,
1790775905.3,,,,,,,,,,,,,,,,,,,,,
1790775907.4,,,,,,,,,,,,,,,,,,,,,
1790775909.4,,,,,,,,,,,,,,,,,,,,,
1790775911.5,,,,,,,,,,,,,,,,,,,,,
1790775913.5,,,,,,,,,,,,,,,,,,,,,
1790775915.6,,,,,,,,,,,,,,,,,,,,,
1790775917.7,,,,,,,,,,,,,,,,,,,,,
1790775919.7,,,,,,,,,,,,,,,,,,,,,
1790775921.8,,,,,,,,,,,,,,,,,,,,,
1790775923.8,,,,,,,,,,,,,,,,,,,,,
1790775925.9,,,,,,,,,,,,,,,,,,,,,
1790775927.9,,,,,,,,,,,,,,,,,,,,,
1790775930.0,,,,,,,,,,,,,,,,,,,,,
1790775932.0,,,,,,,,,,,,,,,,,,,,,
1790775934.1,,,,,,,,,,,,,,,,,,,,,
1790775936.2,,,,,,,,,,,,,,,,,,,,,
1790775938.3,,,,,,,,,,,,,,,,,,,,,
1790775940.3,,,,,,,,,,,,,,,,,,,,,
1790775942.4,,,,,,,,,,,,,,,,,,,,,
1790775944.4,,,,,,,,,,,,,,,,,,,,,
1790775946.5,,,,,,,,,,,,,,,,,,,,,
1790775948.5,,,,,,,,,,,,,,,,,,,,,
1790775950.6,,,,,,,,,,,,,,,,,,,,,
1790775952.6,,,,,,,,,,,,,,,,,,,,,
1790775954.7,,,,,,,,,,,,,,,,,,,,,
1790775956.8,,,,,,,,,,,,,,,,,,,,,
1790775958.8,,,,,,,,,,,,,,,,,,,,,
1790775960.9,,,,,,,,,,,,,,,,,,,,,
1790775963.0,,,,,,,,,,,,,,,,,,,,,
1790775965.0,,,,,,,,,,,,,,,,,,,,,
1790775967.1,,,,,,,,,,,,,,,,,,,,,
1790775969.1,,,,,,,,,,,,,,,,,,,,,
1790775971.2,,,,,,,,,,,,,,,,,,,,,
1790775973.3,,,,,,,,,,,,,,,,,,,,,
1790775975.3,,,,,,,,,,,,,,,,,,,,,
1790775977.4,,,,,,,,,,,,,,,,,,,,,
1790775979.4,,,,,,,,,,,,,,,,,,,,,
1790775981.5,,,,,,,,,,,,,,,,,,,,,
1790775983.5,,,,,,,,,,,,,,,,,,,,,
1790775985.6,,,,,,,,,,,,,,,,,,,,,
1790775987.6,,,,,,,,,,,,,,,,,,,,,
1790775989.7,,,,,,,,,,,,,,,,,,,,,
1790775991.8,,,,,,,,,,,,,,,,,,,,,
1790775993.8,,,,,,,,,,,,,,,,,,,,,
1790775995.9,,,,,,,,,,,,,,,,,,,,,
1790775997.9,,,,,,,,,,,,,,,,,,,,,
1790776000.0,,,,,,,,,,,,,,,,,,,,,
1790776002.1,,,,,,,,,,,,,,,,,,,,,
1790776004.1,,,,,,,,,,,,,,,,,,,,,
1790776006.2,,,,,,,,,,,,,,,,,,,,,
1790776008.2,,,,,,,,,,,,,,,,,,,,,
1790776010.3,,,,,,,,,,,,,,,,,,,,,
1790776012.3,,,,,,,,,,,,,,,,,,,,,
1790776014.4,,,,,,,,,,,,,,,,,,,,,
1790776016.5,,,,,,,,,,,,,,,,,,,,,
1790776018.5,,,,,,,,,,,,,,,,,,,,,
1790776020.6,,,,,,,,,,,,,,,,,,,,,
1790776022.6,,,,,,,,,,,,,,,,,,,,,
1790776024.7,,,,,,,,,,,,,,,,,,,,,
1790776026.7,,,,,,,,,,,,,,,,,,,,,
1790776028.8,,,,,,,,,,,,,,,,,,,,,
1790776030.8,,,,,,,,,,,,,,,,,,,,,
1790776032.9,,,,,,,,,,,,,,,,,,,,,
1790776034.9,,,,,,,,,,,,,,,,,,,,,
1790776037.0,,,,,,,,,,,,,,,,,,,,,
1790776039.1,,,,,,,,,,,,,,,,,,,,,
1790776041.1,,,,,,,,,,,,,,,,,,,,,
1790776043.2,,,,,,,,,,,,,,,,,,,,,
1790776045.2,,,,,,,,,,,,,,,,,,,,,
1790776047.3,,,,,,,,,,,,,,,,,,,,,
1790776049.3,,,,,,,,,,,,,,,,,,,,,
1790776051.4,,,,,,,,,,,,,,,,,,,,,
1790776053.4,,,,,,,,,,,,,,,,,,,,,
1790776055.5,,,,,,,,,,,,,,,,,,,,,
1790776057.6,,,,,,,,,,,,,,,,,,,,,
1790776059.6,,,,,,,,,,,,,,,,,,,,,
1790776061.7,,,,,,,,,,,,,,,,,,,,,
1790776063.7,,,,,,,,,,,,,,,,,,,,,
1790776065.8,,,,,,,,,,,,,,,,,,,,,
1790776067.8,,,,,,,,,,,,,,,,,,,,,
1790776069.9,,,,,,,,,,,,,,,,,,,,,
1790776071.9,,,,,,,,,,,,,,,,,,,,,
1790776074.0,,,,,,,,,,,,,,,,,,,,,
1790776076.0,,,,,,,,,,,,,,,,,,,,,
1790776078.1,,,,,,,,,,,,,,,,,,,,,
1790776080.2,,,,,,,,,,,,,,,,,,,,,
1790776082.2,,,,,,,,,,,,,,,,,,,,,
1790776084.3,,,,,,,,,,,,,,,,,,,,,
1790776086.3,,,,,,,,,,,,,,,,,,,,,
1790776088.4,,,,,,,,,,,,,,,,,,,,,
1790776090.4,,,,,,,,,,,,,,,,,,,,,
1790776092.5,,,,,,,,,,,,,,,,,,,,,
1790776094.6,,,,,,,,,,,,,,,,,,,,,
1790776096.6,,,,,,,,,,,,,,,,,,,,,
1790776098.7,,,,,,,,,,,,,,,,,,,,,
1790776100.7,,,,,,,,,,,,,,,,,,,,,
1790776102.8,,,,,,,,,,,,,,,,,,,,,
1790776104.9,,,,,,,,,,,,,,,,,,,,,
1790776106.9,,,,,,,,,,,,,,,,,,,,,
1790776109.0,,,,,,,,,,,,,,,,,,,,,
1790776111.0,,,,,,,,,,,,,,,,,,,,,
1790776113.1,,,,,,,,,,,,,,,,,,,,,
1790776115.1,,,,,,,,,,,,,,,,,,,,,
1790776117.2,,,,,,,,,,,,,,,,,,,,,
1790776119.2,,,,,,,,,,,,,,,,,,,,,
1790776121.3,,,,,,,,,,,,,,,,,,,,,
1790776123.3,,,,,,,,,,,,,,,,,,,,,
1790776125.4,,,,,,,,,,,,,,,,,,,,,
1790776127.4,,,,,,,,,,,,,,,,,,,,,
1790776129.5,,,,,,,,,,,,,,,,,,,,,
1790776131.6,,,,,,,,,,,,,,,,,,,,,
1790776133.6,,,,,,,,,,,,,,,,,,,,,
1790776135.7,,,,,,,,,,,,,,,,,,,,,
1790776137.7,,,,,,,,,,,,,,,,,,,,,
1790776139.8,,,,,,,,,,,,,,,,,,,,,
1790776141.8,,,,,,,,,,,,,,,,,,,,,
1790776143.9,,,,,,,,,,,,,,,,,,,,,
1790776146.0,,,,,,,,,,,,,,,,,,,,,
1790776148.0,,,,,,,,,,,,,,,,,,,,,
1790776150.1,,,,,,,,,,,,,,,,,,,,,
1790776152.2,,,,,,,,,,,,,,,,,,,,,
1790776154.2,,,,,,,,,,,,,,,,,,,,,
1790776156.3,,,,,,,,,,,,,,,,,,,,,
1790776158.3,,,,,,,,,,,,,,,,,,,,,
1790776160.4,,,,,,,,,,,,,,,,,,,,,
1790776162.4,,,,,,,,,,,,,,,,,,,,,
1790776164.5,,,,,,,,,,,,,,,,,,,,,
1790776166.5,,,,,,,,,,,,,,,,,,,,,
1790776168.6,,,,,,,,,,,,,,,,,,,,,
1790776170.7,,,,,,,,,,,,,,,,,,,,,
1790776172.7,,,,,,,,,,,,,,,,,,,,,
1790776174.8,,,,,,,,,,,,,,,,,,,,,
1790776176.8,,,,,,,,,,,,,,,,,,,,,
1790776178.9,,,,,,,,,,,,,,,,,,,,,
1790776181.0,,,,,,,,,,,,,,,,,,,,,
1790776183.0,,,,,,,,,,,,,,,,,,,,,
1790776185.1,,,,,,,,,,,,,,,,,,,,,
1790776187.2,,,,,,,,,,,,,,,,,,,,,
1790776189.2,,,,,,,,,,,,,,,,,,,,,
1790776191.3,,,,,,,,,,,,,,,,,,,,,
1790776193.3,,,,,,,,,,,,,,,,,,,,,
1790776195.4,,,,,,,,,,,,,,,,,,,,,
1790776197.4,,,,,,,,,,,,,,,,,,,,,
1790776199.5,,,,,,,,,,,,,,,,,,,,,
1790776201.5,,,,,,,,,,,,,,,,,,,,,
1790776203.6,,,,,,,,,,,,,,,,,,,,,
1790776205.7,,,,,,,,,,,,,,,,,,,,,
1790776207.7,,,,,,,,,,,,,,,,,,,,,
1790776209.8,,,,,,,,,,,,,,,,,,,,,
1790776211.8,,,,,,,,,,,,,,,,,,,,,
1790776213.9,,,,,,,,,,,,,,,,,,,,,
1790776215.9,,,,,,,,,,,,,,,,,,,,,
1790776218.0,,,,,,,,,,,,,,,,,,,,,
1790776220.1,,,,,,,,,,,,,,,,,,,,,
1790776222.1,,,,,,,,,,,,,,,,,,,,,
1790776224.2,,,,,,,,,,,,,,,,,,,,,
1790776226.2,,,,,,,,,,,,,,,,,,,,,
1790776228.3,,,,,,,,,,,,,,,,,,,,,
1790776230.3,,,,,,,,,,,,,,,,,,,,,
1790776232.4,,,,,,,,,,,,,,,,,,,,,
1790776234.4,,,,,,,,,,,,,,,,,,,,,
1790776236.5,,,,,,,,,,,,,,,,,,,,,
1790776238.6,,,,,,,,,,,,,,,,,,,,,
1790776240.7,,,,,,,,,,,,,,,,,,,,,
1790776242.7,,,,,,,,,,,,,,,,,,,,,
1790776244.8,,,,,,,,,,,,,,,,,,,,,
1790776246.8,,,,,,,,,,,,,,,,,,,,,
1790776248.9,,,,,,,,,,,,,,,,,,,,,
1790776250.9,,,,,,,,,,,,,,,,,,,,,
1790776253.0,,,,,,,,,,,,,,,,,,,,,
1790776255.1,,,,,,,,,,,,,,,,,,,,,
1790776257.1,,,,,,,,,,,,,,,,,,,,,
1790776259.2,,,,,,,,,,,,,,,,,,,,,
1790776261.3,,,,,,,,,,,,,,,,,,,,,
1790776263.3,,,,,,,,,,,,,,,,,,,,,
1790776265.4,,,,,,,,,,,,,,,,,,,,,
1790776267.5,,,,,,,,,,,,,,,,,,,,,
1790776269.5,,,,,,,,,,,,,,,,,,,,,
1790776271.6,,,,,,,,,,,,,,,,,,,,,
1790776273.6,,,,,,,,,,,,,,,,,,,,,
1790776275.7,,,,,,,,,,,,,,,,,,,,,
1790776277.8,,,,,,,,,,,,,,,,,,,,,
1790776279.8,,,,,,,,,,,,,,,,,,,,,
1790776281.9,,,,,,,,,,,,,,,,,,,,,
1790776284.0,,,,,,,,,,,,,,,,,,,,,
1790776286.0,,,,,,,,,,,,,,,,,,,,,
1790776288.1,,,,,,,,,,,,,,,,,,,,,
1790776290.1,,,,,,,,,,,,,,,,,,,,,
1790776292.2,,,,,,,,,,,,,,,,,,,,,
1790776294.3,,,,,,,,,,,,,,,,,,,,,
1790776296.3,,,,,,,,,,,,,,,,,,,,,
1790776298.4,,,,,,,,,,,,,,,,,,,,,
1790776300.4,,,,,,,,,,,,,,,,,,,,,
1790776302.5,,,,,,,,,,,,,,,,,,,,,
1790776304.5,,,,,,,,,,,,,,,,,,,,,
1790776306.6,,,,,,,,,,,,,,,,,,,,,
1790776308.7,,,,,,,,,,,,,,,,,,,,,
1790776310.7,,,,,,,,,,,,,,,,,,,,,
1790776312.8,,,,,,,,,,,,,,,,,,,,,
1790776314.8,,,,,,,,,,,,,,,,,,,,,
1790776316.9,,,,,,,,,,,,,,,,,,,,,
1790776319.0,,,,,,,,,,,,,,,,,,,,,
1790776321.0,,,,,,,,,,,,,,,,,,,,,
1790776323.1,,,,,,,,,,,,,,,,,,,,,
1790776325.1,,,,,,,,,,,,,,,,,,,,,
1790776327.2,,,,,,,,,,,,,,,,,,,,,
1790776329.2,,,,,,,,,,,,,,,,,,,,,
1790776331.3,,,,,,,,,,,,,,,,,,,,,
1790776333.3,,,,,,,,,,,,,,,,,,,,,
1790776335.4,,,,,,,,,,,,,,,,,,,,,
1790776337.4,,,,,,,,,,,,,,,,,,,,,
1790776339.5,,,,,,,,,,,,,,,,,,,,,
1790776341.6,,,,,,,,,,,,,,,,,,,,,
1790776343.6,,,,,,,,,,,,,,,,,,,,,
1790776345.7,,,,,,,,,,,,,,,,,,,,,
1790776347.7,,,,,,,,,,,,,,,,,,,,,
1790776349.8,,,,,,,,,,,,,,,,,,,,,
1790776351.8,,,,,,,,,,,,,,,,,,,,,
1790776353.9,,,,,,,,,,,,,,,,,,,,,
1790776356.0,,,,,,,,,,,,,,,,,,,,,
1790776358.0,,,,,,,,,,,,,,,,,,,,,
1790776360.1,,,,,,,,,,,,,,,,,,,,,
1790776362.1,,,,,,,,,,,,,,,,,,,,,
1790776364.2,,,,,,,,,,,,,,,,,,,,,
1790776366.3,,,,,,,,,,,,,,,,,,,,,
1790776368.3,,,,,,,,,,,,,,,,,,,,,
1790776370.4,,,,,,,,,,,,,,,,,,,,,
1790776372.4,,,,,,,,,,,,,,,,,,,,,
1790776374.5,,,,,,,,,,,,,,,,,,,,,
1790776376.5,,,,,,,,,,,,,,,,,,,,,
1790776378.6,,,,,,,,,,,,,,,,,,,,,
1790776380.7,,,,,,,,,,,,,,,,,,,,,
1790776382.7,,,,,,,,,,,,,,,,,,,,,
1790776384.8,,,,,,,,,,,,,,,,,,,,,
1790776386.8,,,,,,,,,,,,,,,,,,,,,
1790776388.9,,,,,,,,,,,,,,,,,,,,,
1790776390.9,,,,,,,,,,,,,,,,,,,,,
1790776393.0,,,,,,,,,,,,,,,,,,,,,
1790776395.0,,,,,,,,,,,,,,,,,,,,,
1790776397.1,,,,,,,,,,,,,,,,,,,,,
1790776399.2,,,,,,,,,,,,,,,,,,,,,
1790776401.2,,,,,,,,,,,,,,,,,,,,,
1790776403.3,,,,,,,,,,,,,,,,,,,,,
1790776405.3,,,,,,,,,,,,,,,,,,,,,
1790776407.4,,,,,,,,,,,,,,,,,,,,,
1790776409.4,,,,,,,,,,,,,,,,,,,,,
1790776411.5,,,,,,,,,,,,,,,,,,,,,
1790776413.6,,,,,,,,,,,,,,,,,,,,,
1790776415.6,,,,,,,,,,,,,,,,,,,,,
1790776417.7,,,,,,,,,,,,,,,,,,,,,
1790776419.7,,,,,,,,,,,,,,,,,,,,,
1790776421.8,,,,,,,,,,,,,,,,,,,,,
1790776423.8,,,,,,,,,,,,,,,,,,,,,
1790776425.9,,,,,,,,,,,,,,,,,,,,,
1790776427.9,,,,,,,,,,,,,,,,,,,,,
1790776430.0,,,,,,,,,,,,,,,,,,,,,
1790776432.1,,,,,,,,,,,,,,,,,,,,,
1790776434.1,,,,,,,,,,,,,,,,,,,,,
1790776436.2,,,,,,,,,,,,,,,,,,,,,
1790776438.2,,,,,,,,,,,,,,,,,,,,,
1790776440.3,,,,,,,,,,,,,,,,,,,,,
1790776442.3,,,,,,,,,,,,,,,,,,,,,
1790776444.4,,,,,,,,,,,,,,,,,,,,,
1790776446.4,,,,,,,,,,,,,,,,,,,,,
1790776448.5,,,,,,,,,,,,,,,,,,,,,
1790776450.6,,,,,,,,,,,,,,,,,,,,,
1790776452.6,,,,,,,,,,,,,,,,,,,,,
1790776454.7,,,,,,,,,,,,,,,,,,,,,
1790776456.7,,,,,,,,,,,,,,,,,,,,,
1790776458.8,,,,,,,,,,,,,,,,,,,,,
1790776460.8,,,,,,,,,,,,,,,,,,,,,
1790776462.9,,,,,,,,,,,,,,,,,,,,,
1790776464.9,,,,,,,,,,,,,,,,,,,,,
1790776467.0,,,,,,,,,,,,,,,,,,,,,
1790776469.0,,,,,,,,,,,,,,,,,,,,,
1790776471.1,,,,,,,,,,,,,,,,,,,,,
1790776473.1,,,,,,,,,,,,,,,,,,,,,
1790776475.2,,,,,,,,,,,,,,,,,,,,,
1790776477.3,,,,,,,,,,,,,,,,,,,,,
1790776479.3,,,,,,,,,,,,,,,,,,,,,
1790776481.4,,,,,,,,,,,,,,,,,,,,,
1790776483.4,,,,,,,,,,,,,,,,,,,,,
1790776485.5,,,,,,,,,,,,,,,,,,,,,
1790776487.5,,,,,,,,,,,,,,,,,,,,,
1790776489.6,,,,,,,,,,,,,,,,,,,,,
1790776491.6,,,,,,,,,,,,,,,,,,,,,
1790776493.7,,,,,,,,,,,,,,,,,,,,,
1790776495.7,,,,,,,,,,,,,,,,,,,,,
1790776497.8,,,,,,,,,,,,,,,,,,,,,
1790776499.9,,,,,,,,,,,,,,,,,,,,,
1790776501.9,,,,,,,,,,,,,,,,,,,,,
1790776504.0,,,,,,,,,,,,,,,,,,,,,
1790776506.0,,,,,,,,,,,,,,,,,,,,,
1790776508.1,,,,,,,,,,,,,,,,,,,,,
1790776510.2,,,,,,,,,,,,,,,,,,,,,
1790776512.2,,,,,,,,,,,,,,,,,,,,,
1790776514.3,,,,,,,,,,,,,,,,,,,,,
1790776516.3,,,,,,,,,,,,,,,,,,,,,
1790776518.4,,,,,,,,,,,,,,,,,,,,,
1790776520.4,,,,,,,,,,,,,,,,,,,,,
1790776522.5,,,,,,,,,,,,,,,,,,,,,
1790776524.6,,,,,,,,,,,,,,,,,,,,,
1790776526.6,,,,,,,,,,,,,,,,,,,,,
1790776528.7,,,,,,,,,,,,,,,,,,,,,
1790776530.7,,,,,,,,,,,,,,,,,,,,,
1790776532.8,,,,,,,,,,,,,,,,,,,,,
1790776534.8,,,,,,,,,,,,,,,,,,,,,
1790776536.9,,,,,,,,,,,,,,,,,,,,,
1790776539.0,,,,,,,,,,,,,,,,,,,,,
1790776541.0,,,,,,,,,,,,,,,,,,,,,
1790776543.1,,,,,,,,,,,,,,,,,,,,,
1790776545.1,,,,,,,,,,,,,,,,,,,,,
1790776547.2,,,,,,,,,,,,,,,,,,,,,
1790776549.2,,,,,,,,,,,,,,,,,,,,,
1790776551.3,,,,,,,,,,,,,,,,,,,,,
1790776553.3,,,,,,,,,,,,,,,,,,,,,
1790776555.4,,,,,,,,,,,,,,,,,,,,,
1790776557.5,,,,,,,,,,,,,,,,,,,,,
1790776559.5,,,,,,,,,,,,,,,,,,,,,
1790776561.6,,,,,,,,,,,,,,,,,,,,,
1790776563.6,,,,,,,,,,,,,,,,,,,,,
1790776565.7,,,,,,,,,,,,,,,,,,,,,
1790776567.7,,,,,,,,,,,,,,,,,,,,,
1790776569.8,,,,,,,,,,,,,,,,,,,,,
1790776571.9,,,,,,,,,,,,,,,,,,,,,
1790776573.9,,,,,,,,,,,,,,,,,,,,,
1790776576.0,,,,,,,,,,,,,,,,,,,,,
1790776578.0,,,,,,,,,,,,,,,,,,,,,
1790776580.1,,,,,,,,,,,,,,,,,,,,,
1790776582.1,,,,,,,,,,,,,,,,,,,,,
1790776584.2,,,,,,,,,,,,,,,,,,,,,
1790776586.2,,,,,,,,,,,,,,,,,,,,,
1790776588.3,,,,,,,,,,,,,,,,,,,,,
1790776590.4,,,,,,,,,,,,,,,,,,,,,
1790776592.4,,,,,,,,,,,,,,,,,,,,,
1790776594.5,,,,,,,,,,,,,,,,,,,,,
1790776596.5,,,,,,,,,,,,,,,,,,,,,
1790776598.6,,,,,,,,,,,,,,,,,,,,,
1790776600.6,,,,,,,,,,,,,,,,,,,,,
1790776602.7,,,,,,,,,,,,,,,,,,,,,
1790776604.7,,,,,,,,,,,,,,,,,,,,,
1790776606.8,,,,,,,,,,,,,,,,,,,,,
1790776608.9,,,,,,,,,,,,,,,,,,,,,
1790776610.9,,,,,,,,,,,,,,,,,,,,,
1790776613.0,,,,,,,,,,,,,,,,,,,,,
1790776615.0,,,,,,,,,,,,,,,,,,,,,
1790776617.1,,,,,,,,,,,,,,,,,,,,,
1790776619.1,,,,,,,,,,,,,,,,,,,,,
1790776621.2,,,,,,,,,,,,,,,,,,,,,
1790776623.2,,,,,,,,,,,,,,,,,,,,,
1790776625.3,,,,,,,,,,,,,,,,,,,,,
1790776627.4,,,,,,,,,,,,,,,,,,,,,
1790776629.4,,,,,,,,,,,,,,,,,,,,,
1790776631.5,,,,,,,,,,,,,,,,,,,,,
1790776633.5,,,,,,,,,,,,,,,,,,,,,
1790776635.6,,,,,,,,,,,,,,,,,,,,,
1790776637.6,,,,,,,,,,,,,,,,,,,,,
1790776639.7,,,,,,,,,,,,,,,,,,,,,
1790776641.8,,,,,,,,,,,,,,,,,,,,,
1790776643.8,,,,,,,,,,,,,,,,,,,,,
1790776645.9,,,,,,,,,,,,,,,,,,,,,
1790776647.9,,,,,,,,,,,,,,,,,,,,,
1790776650.0,,,,,,,,,,,,,,,,,,,,,
1790776652.1,,,,,,,,,,,,,,,,,,,,,
1790776654.1,,,,,,,,,,,,,,,,,,,,,
1790776656.2,,,,,,,,,,,,,,,,,,,,,
1790776658.2,,,,,,,,,,,,,,,,,,,,,
1790776660.3,,,,,,,,,,,,,,,,,,,,,
1790776662.3,,,,,,,,,,,,,,,,,,,,,
1790776664.4,,,,,,,,,,,,,,,,,,,,,
1790776666.4,,,,,,,,,,,,,,,,,,,,,
1790776668.5,,,,,,,,,,,,,,,,,,,,,
1790776670.6,,,,,,,,,,,,,,,,,,,,,
1790776672.6,,,,,,,,,,,,,,,,,,,,,
1790776674.7,,,,,,,,,,,,,,,,,,,,,
1790776676.7,,,,,,,,,,,,,,,,,,,,,
1790776678.8,,,,,,,,,,,,,,,,,,,,,
1790776680.8,,,,,,,,,,,,,,,,,,,,,
1790776682.9,,,,,,,,,,,,,,,,,,,,,
1790776684.9,,,,,,,,,,,,,,,,,,,,,
1790776687.0,,,,,,,,,,,,,,,,,,,,,
1790776689.0,,,,,,,,,,,,,,,,,,,,,
1790776691.1,,,,,,,,,,,,,,,,,,,,,
1790776693.1,,,,,,,,,,,,,,,,,,,,,
1790776695.2,,,,,,,,,,,,,,,,,,,,,
1790776697.3,,,,,,,,,,,,,,,,,,,,,
1790776699.3,,,,,,,,,,,,,,,,,,,,,
1790776701.4,,,,,,,,,,,,,,,,,,,,,
1790776703.4,,,,,,,,,,,,,,,,,,,,,
1790776705.5,,,,,,,,,,,,,,,,,,,,,
1790776707.5,,,,,,,,,,,,,,,,,,,,,
1790776709.6,,,,,,,,,,,,,,,,,,,,,
1790776711.6,,,,,,,,,,,,,,,,,,,,,
1790776713.7,,,,,,,,,,,,,,,,,,,,,
1790776715.7,,,,,,,,,,,,,,,,,,,,,
1790776717.8,,,,,,,,,,,,,,,,,,,,,
1790776719.9,,,,,,,,,,,,,,,,,,,,,
1790776721.9,,,,,,,,,,,,,,,,,,,,,
1790776724.0,,,,,,,,,,,,,,,,,,,,,
1790776726.0,,,,,,,,,,,,,,,,,,,,,
1790776728.1,,,,,,,,,,,,,,,,,,,,,
1790776730.1,,,,,,,,,,,,,,,,,,,,,
1790776732.2,,,,,,,,,,,,,,,,,,,,,
1790776734.2,,,,,,,,,,,,,,,,,,,,,
1790776736.3,,,,,,,,,,,,,,,,,,,,,
1790776738.3,,,,,,,,,,,,,,,,,,,,,
1790776740.4,,,,,,,,,,,,,,,,,,,,,
1790776742.5,,,,,,,,,,,,,,,,,,,,,
1790776744.5,,,,,,,,,,,,,,,,,,,,,
1790776746.6,,,,,,,,,,,,,,,,,,,,,
1790776748.6,,,,,,,,,,,,,,,,,,,,,
1790776750.7,,,,,,,,,,,,,,,,,,,,,
1790776752.7,,,,,,,,,,,,,,,,,,,,,
1790776754.8,,,,,,,,,,,,,,,,,,,,,
1790776756.8,,,,,,,,,,,,,,,,,,,,,
1790776758.9,,,,,,,,,,,,,,,,,,,,,
1790776761.0,,,,,,,,,,,,,,,,,,,,,
1790776763.0,,,,,,,,,,,,,,,,,,,,,
1790776765.1,,,,,,,,,,,,,,,,,,,,,
1790776767.1,,,,,,,,,,,,,,,,,,,,,
1790776769.2,,,,,,,,,,,,,,,,,,,,,
1790776771.2,,,,,,,,,,,,,,,,,,,,,
1790776773.3,,,,,,,,,,,,,,,,,,,,,
1790776775.4,,,,,,,,,,,,,,,,,,,,,
1790776777.4,,,,,,,,,,,,,,,,,,,,,
1790776779.5,,,,,,,,,,,,,,,,,,,,,
1790776781.5,,,,,,,,,,,,,,,,,,,,,
1790776783.6,,,,,,,,,,,,,,,,,,,,,
1790776785.6,,,,,,,,,,,,,,,,,,,,,
1790776787.7,,,,,,,,,,,,,,,,,,,,,
1790776789.8,,,,,,,,,,,,,,,,,,,,,
1790776791.8,,,,,,,,,,,,,,,,,,,,,
1790776793.9,,,,,,,,,,,,,,,,,,,,,
1790776795.9,,,,,,,,,,,,,,,,,,,,,
1790776798.0,,,,,,,,,,,,,,,,,,,,,
1790776800.0,,,,,,,,,,,,,,,,,,,,,
1790776802.1,,,,,,,,,,,,,,,,,,,,,
1790776804.2,,,,,,,,,,,,,,,,,,,,,
1790776806.2,,,,,,,,,,,,,,,,,,,,,
1790776808.3,,,,,,,,,,,,,,,,,,,,,
1790776810.3,,,,,,,,,,,,,,,,,,,,,
1790776812.4,,,,,,,,,,,,,,,,,,,,,
1790776814.4,,,,,,,,,,,,,,,,,,,,,
1790776816.5,,,,,,,,,,,,,,,,,,,,,
1790776818.6,,,,,,,,,,,,,,,,,,,,,
1790776820.6,,,,,,,,,,,,,,,,,,,,,
1790776822.7,,,,,,,,,,,,,,,,,,,,,
1790776824.7,,,,,,,,,,,,,,,,,,,,,
1790776826.8,,,,,,,,,,,,,,,,,,,,,
1790776828.8,,,,,,,,,,,,,,,,,,,,,
1790776830.9,,,,,,,,,,,,,,,,,,,,,
1790776832.9,,,,,,,,,,,,,,,,,,,,,
1790776835.0,,,,,,,,,,,,,,,,,,,,,
1790776837.1,,,,,,,,,,,,,,,,,,,,,
1790776839.1,,,,,,,,,,,,,,,,,,,,,
1790776841.2,,,,,,,,,,,,,,,,,,,,,
1790776843.2,,,,,,,,,,,,,,,,,,,,,
1790776845.3,,,,,,,,,,,,,,,,,,,,,
1790776847.3,,,,,,,,,,,,,,,,,,,,,
1790776849.4,,,,,,,,,,,,,,,,,,,,,
1790776851.4,,,,,,,,,,,,,,,,,,,,,
1790776853.5,,,,,,,,,,,,,,,,,,,,,
1790776855.6,,,,,,,,,,,,,,,,,,,,,
1790776857.6,,,,,,,,,,,,,,,,,,,,,
1790776859.7,,,,,,,,,,,,,,,,,,,,,
1790776861.7,,,,,,,,,,,,,,,,,,,,,
1790776863.8,,,,,,,,,,,,,,,,,,,,,
1790776865.8,,,,,,,,,,,,,,,,,,,,,
1790776867.9,,,,,,,,,,,,,,,,,,,,,
1790776870.0,,,,,,,,,,,,,,,,,,,,,
1790776872.0,,,,,,,,,,,,,,,,,,,,,
1790776874.1,,,,,,,,,,,,,,,,,,,,,
1790776876.1,,,,,,,,,,,,,,,,,,,,,
1790776878.2,,,,,,,,,,,,,,,,,,,,,
1790776880.2,,,,,,,,,,,,,,,,,,,,,
1790776882.3,,,,,,,,,,,,,,,,,,,,,
1790776884.3,,,,,,,,,,,,,,,,,,,,,
1790776886.4,,,,,,,,,,,,,,,,,,,,,
1790776888.4,,,,,,,,,,,,,,,,,,,,,
1790776890.5,,,,,,,,,,,,,,,,,,,,,
1790776892.6,,,,,,,,,,,,,,,,,,,,,
1790776894.6,,,,,,,,,,,,,,,,,,,,,
1790776896.7,,,,,,,,,,,,,,,,,,,,,
1790776898.7,,,,,,,,,,,,,,,,,,,,,
1790776900.8,,,,,,,,,,,,,,,,,,,,,
1790776902.8,,,,,,,,,,,,,,,,,,,,,
1790776904.9,,,,,,,,,,,,,,,,,,,,,
1790776906.9,,,,,,,,,,,,,,,,,,,,,
1790776909.0,,,,,,,,,,,,,,,,,,,,,
1790776911.0,,,,,,,,,,,,,,,,,,,,,
1790776913.1,,,,,,,,,,,,,,,,,,,,,
1790776915.2,,,,,,,,,,,,,,,,,,,,,
1790776917.2,,,,,,,,,,,,,,,,,,,,,
1790776919.3,,,,,,,,,,,,,,,,,,,,,
1790776921.3,,,,,,,,,,,,,,,,,,,,,
1790776923.4,,,,,,,,,,,,,,,,,,,,,
1790776925.4,,,,,,,,,,,,,,,,,,,,,
1790776927.5,,,,,,,,,,,,,,,,,,,,,
1790776929.5,,,,,,,,,,,,,,,,,,,,,
1790776931.6,,,,,,,,,,,,,,,,,,,,,
1790776933.6,,,,,,,,,,,,,,,,,,,,,
1790776935.7,,,,,,,,,,,,,,,,,,,,,
1790776937.8,,,,,,,,,,,,,,,,,,,,,
1790776939.8,,,,,,,,,,,,,,,,,,,,,
1790776941.9,,,,,,,,,,,,,,,,,,,,,
1790776943.9,,,,,,,,,,,,,,,,,,,,,
1790776946.0,,,,,,,,,,,,,,,,,,,,,
1790776948.0,,,,,,,,,,,,,,,,,,,,,
1790776950.1,,,,,,,,,,,,,,,,,,,,,
1790776952.1,,,,,,,,,,,,,,,,,,,,,
1790776954.2,,,,,,,,,,,,,,,,,,,,,
1790776956.3,,,,,,,,,,,,,,,,,,,,,
1790776958.3,,,,,,,,,,,,,,,,,,,,,
1790776960.4,,,,,,,,,,,,,,,,,,,,,
1790776962.4,,,,,,,,,,,,,,,,,,,,,
1790776964.5,,,,,,,,,,,,,,,,,,,,,
1790776966.5,,,,,,,,,,,,,,,,,,,,,
1790776968.6,,,,,,,,,,,,,,,,,,,,,
1790776970.6,,,,,,,,,,,,,,,,,,,,,
1790776972.7,,,,,,,,,,,,,,,,,,,,,
1790776974.8,,,,,,,,,,,,,,,,,,,,,
1790776976.8,,,,,,,,,,,,,,,,,,,,,
1790776978.9,,,,,,,,,,,,,,,,,,,,,
1790776980.9,,,,,,,,,,,,,,,,,,,,,
1790776983.0,,,,,,,,,,,,,,,,,,,,,
1790776985.0,,,,,,,,,,,,,,,,,,,,,
1790776987.1,,,,,,,,,,,,,,,,,,,,,
1790776989.1,,,,,,,,,,,,,,,,,,,,,
1790776991.2,,,,,,,,,,,,,,,,,,,,,
1790776993.3,,,,,,,,,,,,,,,,,,,,,
1790776995.3,,,,,,,,,,,,,,,,,,,,,
1790776997.4,,,,,,,,,,,,,,,,,,,,,
1790776999.4,,,,,,,,,,,,,,,,,,,,,
1790777001.5,,,,,,,,,,,,,,,,,,,,,
1790777003.5,,,,,,,,,,,,,,,,,,,,,
1790777005.6,,,,,,,,,,,,,,,,,,,,,
1790777007.6,,,,,,,,,,,,,,,,,,,,,
1790777009.7,,,,,,,,,,,,,,,,,,,,,
1790777011.8,,,,,,,,,,,,,,,,,,,,,
1790777013.8,,,,,,,,,,,,,,,,,,,,,
1790777015.9,,,,,,,,,,,,,,,,,,,,,
1790777017.9,,,,,,,,,,,,,,,,,,,,,
1790777020.0,,,,,,,,,,,,,,,,,,,,,
1790777022.0,,,,,,,,,,,,,,,,,,,,,
1790777024.1,,,,,,,,,,,,,,,,,,,,,
1790777026.1,,,,,,,,,,,,,,,,,,,,,
1790777028.2,,,,,,,,,,,,,,,,,,,,,
1790777030.3,,,,,,,,,,,,,,,,,,,,,
1790777032.3,,,,,,,,,,,,,,,,,,,,,
1790777034.4,,,,,,,,,,,,,,,,,,,,,
1790777036.4,,,,,,,,,,,,,,,,,,,,,
1790777038.5,,,,,,,,,,,,,,,,,,,,,
1790777040.5,,,,,,,,,,,,,,,,,,,,,
1790777042.6,,,,,,,,,,,,,,,,,,,,,
1790777044.7,,,,,,,,,,,,,,,,,,,,,
1790777046.7,,,,,,,,,,,,,,,,,,,,,
1790777048.8,,,,,,,,,,,,,,,,,,,,,
1790777050.8,,,,,,,,,,,,,,,,,,,,,
1790777052.9,,,,,,,,,,,,,,,,,,,,,
1790777055.0,,,,,,,,,,,,,,,,,,,,,
1790777057.0,,,,,,,,,,,,,,,,,,,,,
1790777059.1,,,,,,,,,,,,,,,,,,,,,
1790777061.2,,,,,,,,,,,,,,,,,,,,,
1790777063.3,,,,,,,,,,,,,,,,,,,,,
1790777065.4,,,,,,,,,,,,,,,,,,,,,
1790777067.4,,,,,,,,,,,,,,,,,,,,,
1790777069.5,,,,,,,,,,,,,,,,,,,,,
1790777071.6,,,,,,,,,,,,,,,,,,,,,
1790777073.7,,,,,,,,,,,,,,,,,,,,,
1790777075.8,,,,,,,,,,,,,,,,,,,,,
1790777077.9,,,,,,,,,,,,,,,,,,,,,
1790777079.9,,,,,,,,,,,,,,,,,,,,,
1790777082.0,,,,,,,,,,,,,,,,,,,,,
1790777084.0,,,,,,,,,,,,,,,,,,,,,
1790777086.1,,,,,,,,,,,,,,,,,,,,,
1790777088.2,,,,,,,,,,,,,,,,,,,,,
1790777090.2,,,,,,,,,,,,,,,,,,,,,
1790777092.3,,,,,,,,,,,,,,,,,,,,,
1790777094.3,,,,,,,,,,,,,,,,,,,,,
1790777096.4,,,,,,,,,,,,,,,,,,,,,
1790777098.4,,,,,,,,,,,,,,,,,,,,,
1790777100.5,,,,,,,,,,,,,,,,,,,,,
1790777102.6,,,,,,,,,,,,,,,,,,,,,
1790777104.6,,,,,,,,,,,,,,,,,,,,,
1790777106.7,,,,,,,,,,,,,,,,,,,,,
1790777108.7,,,,,,,,,,,,,,,,,,,,,
1790777110.8,,,,,,,,,,,,,,,,,,,,,
1790777112.8,,,,,,,,,,,,,,,,,,,,,
1790777114.9,,,,,,,,,,,,,,,,,,,,,
1790777117.0,,,,,,,,,,,,,,,,,,,,,
1790777119.0,,,,,,,,,,,,,,,,,,,,,
1790777121.1,,,,,,,,,,,,,,,,,,,,,
1790777123.1,,,,,,,,,,,,,,,,,,,,,
1790777125.2,,,,,,,,,,,,,,,,,,,,,
1790777127.2,,,,,,,,,,,,,,,,,,,,,
1790777129.3,,,,,,,,,,,,,,,,,,,,,
1790777131.3,,,,,,,,,,,,,,,,,,,,,
1790777133.4,,,,,,,,,,,,,,,,,,,,,
1790777135.5,,,,,,,,,,,,,,,,,,,,,
1790777137.5,,,,,,,,,,,,,,,,,,,,,
1790777139.6,,,,,,,,,,,,,,,,,,,,,
1790777141.6,,,,,,,,,,,,,,,,,,,,,
1790777143.7,,,,,,,,,,,,,,,,,,,,,
1790777145.7,,,,,,,,,,,,,,,,,,,,,
1790777147.8,,,,,,,,,,,,,,,,,,,,,
1790777149.8,,,,,,,,,,,,,,,,,,,,,
1790777151.9,,,,,,,,,,,,,,,,,,,,,
1790777154.0,,,,,,,,,,,,,,,,,,,,,
1790777156.0,,,,,,,,,,,,,,,,,,,,,
1790777158.1,,,,,,,,,,,,,,,,,,,,,
1790777160.1,,,,,,,,,,,,,,,,,,,,,
1790777162.2,,,,,,,,,,,,,,,,,,,,,
1790777164.3,,,,,,,,,,,,,,,,,,,,,
1790777166.3,,,,,,,,,,,,,,,,,,,,,
1790777168.4,,,,,,,,,,,,,,,,,,,,,
1790777170.4,,,,,,,,,,,,,,,,,,,,,
1790777172.5,,,,,,,,,,,,,,,,,,,,,
1790777174.5,,,,,,,,,,,,,,,,,,,,,
1790777176.6,,,,,,,,,,,,,,,,,,,,,
1790777178.6,,,,,,,,,,,,,,,,,,,,,
1790777180.7,,,,,,,,,,,,,,,,,,,,,
1790777182.8,,,,,,,,,,,,,,,,,,,,,
1790777184.8,,,,,,,,,,,,,,,,,,,,,
1790777186.9,,,,,,,,,,,,,,,,,,,,,
1790777188.9,,,,,,,,,,,,,,,,,,,,,
1790777191.0,,,,,,,,,,,,,,,,,,,,,
1790777193.1,,,,,,,,,,,,,,,,,,,,,
1790777195.1,,,,,,,,,,,,,,,,,,,,,
1790777197.2,,,,,,,,,,,,,,,,,,,,,
1790777199.2,,,,,,,,,,,,,,,,,,,,,
1790777201.3,,,,,,,,,,,,,,,,,,,,,
1790777203.3,,,,,,,,,,,,,,,,,,,,,
1790777205.4,,,,,,,,,,,,,,,,,,,,,
1790777207.5,,,,,,,,,,,,,,,,,,,,,
1790777209.5,,,,,,,,,,,,,,,,,,,,,
1790777211.6,,,,,,,,,,,,,,,,,,,,,
1790777213.6,,,,,,,,,,,,,,,,,,,,,
1790777215.7,,,,,,,,,,,,,,,,,,,,,
1790777217.7,,,,,,,,,,,,,,,,,,,,,
1790777219.8,,,,,,,,,,,,,,,,,,,,,
1790777221.9,,,,,,,,,,,,,,,,,,,,,
1790777223.9,,,,,,,,,,,,,,,,,,,,,
1790777226.0,,,,,,,,,,,,,,,,,,,,,
1790777228.0,,,,,,,,,,,,,,,,,,,,,
1790777230.1,,,,,,,,,,,,,,,,,,,,,
1790777232.1,,,,,,,,,,,,,,,,,,,,,
1790777234.2,,,,,,,,,,,,,,,,,,,,,
1790777236.2,,,,,,,,,,,,,,,,,,,,,
1790777238.3,,,,,,,,,,,,,,,,,,,,,
1790777240.4,,,,,,,,,,,,,,,,,,,,,
1790777242.4,,,,,,,,,,,,,,,,,,,,,
1790777244.5,,,,,,,,,,,,,,,,,,,,,
1790777246.5,,,,,,,,,,,,,,,,,,,,,
1790777248.6,,,,,,,,,,,,,,,,,,,,,
1790777250.7,,,,,,,,,,,,,,,,,,,,,
1790777252.7,,,,,,,,,,,,,,,,,,,,,
1790777254.8,,,,,,,,,,,,,,,,,,,,,
1790777256.8,,,,,,,,,,,,,,,,,,,,,
1790777258.9,,,,,,,,,,,,,,,,,,,,,
1790777260.9,,,,,,,,,,,,,,,,,,,,,
1790777263.0,,,,,,,,,,,,,,,,,,,,,
1790777265.0,,,,,,,,,,,,,,,,,,,,,
1790777267.1,,,,,,,,,,,,,,,,,,,,,
1790777269.1,,,,,,,,,,,,,,,,,,,,,
1790777271.2,,,,,,,,,,,,,,,,,,,,,
1790777273.3,,,,,,,,,,,,,,,,,,,,,
1790777275.3,,,,,,,,,,,,,,,,,,,,,
1790777277.4,,,,,,,,,,,,,,,,,,,,,
1790777279.4,,,,,,,,,,,,,,,,,,,,,
1790777281.5,,,,,,,,,,,,,,,,,,,,,
1790777283.5,,,,,,,,,,,,,,,,,,,,,
1790777285.6,,,,,,,,,,,,,,,,,,,,,
1790777287.6,,,,,,,,,,,,,,,,,,,,,
1790777289.7,,,,,,,,,,,,,,,,,,,,,
1790777291.8,,,,,,,,,,,,,,,,,,,,,
1790777293.8,,,,,,,,,,,,,,,,,,,,,
1790777295.9,,,,,,,,,,,,,,,,,,,,,
1790777297.9,,,,,,,,,,,,,,,,,,,,,
1790777300.0,,,,,,,,,,,,,,,,,,,,,
1790777302.0,,,,,,,,,,,,,,,,,,,,,
1790777304.1,,,,,,,,,,,,,,,,,,,,,
1790777306.1,,,,,,,,,,,,,,,,,,,,,
1790777308.2,,,,,,,,,,,,,,,,,,,,,
1790777310.2,,,,,,,,,,,,,,,,,,,,,
1790777312.3,,,,,,,,,,,,,,,,,,,,,
1790777314.3,,,,,,,,,,,,,,,,,,,,,
1790777316.4,,,,,,,,,,,,,,,,,,,,,
1790777318.5,,,,,,,,,,,,,,,,,,,,,
1790777320.5,,,,,,,,,,,,,,,,,,,,,
1790777322.6,,,,,,,,,,,,,,,,,,,,,
1790777324.6,,,,,,,,,,,,,,,,,,,,,
1790777326.7,,,,,,,,,,,,,,,,,,,,,
1790777328.7,,,,,,,,,,,,,,,,,,,,,
1790777330.8,,,,,,,,,,,,,,,,,,,,,
1790777332.8,,,,,,,,,,,,,,,,,,,,,
1790777334.9,,,,,,,,,,,,,,,,,,,,,
1790777337.0,,,,,,,,,,,,,,,,,,,,,
1790777339.0,,,,,,,,,,,,,,,,,,,,,
1790777341.1,,,,,,,,,,,,,,,,,,,,,
1790777343.1,,,,,,,,,,,,,,,,,,,,,
1790777345.2,,,,,,,,,,,,,,,,,,,,,
1790777347.2,,,,,,,,,,,,,,,,,,,,,
1790777349.3,,,,,,,,,,,,,,,,,,,,,
1790777351.3,,,,,,,,,,,,,,,,,,,,,
1790777353.4,,,,,,,,,,,,,,,,,,,,,
1790777355.4,,,,,,,,,,,,,,,,,,,,,
1790777357.5,,,,,,,,,,,,,,,,,,,,,
1790777359.6,,,,,,,,,,,,,,,,,,,,,
1790777361.6,,,,,,,,,,,,,,,,,,,,,
1790777363.7,,,,,,,,,,,,,,,,,,,,,
1790777365.7,,,,,,,,,,,,,,,,,,,,,
1790777367.8,,,,,,,,,,,,,,,,,,,,,
1790777369.8,,,,,,,,,,,,,,,,,,,,,
1790777371.9,,,,,,,,,,,,,,,,,,,,,
1790777373.9,,,,,,,,,,,,,,,,,,,,,
1790777376.0,,,,,,,,,,,,,,,,,,,,,
1790777378.1,,,,,,,,,,,,,,,,,,,,,
1790777380.1,,,,,,,,,,,,,,,,,,,,,
1790777382.2,,,,,,,,,,,,,,,,,,,,,
1790777384.2,,,,,,,,,,,,,,,,,,,,,
1790777386.3,,,,,,,,,,,,,,,,,,,,,
1790777388.3,,,,,,,,,,,,,,,,,,,,,
1790777390.4,,,,,,,,,,,,,,,,,,,,,
1790777392.4,,,,,,,,,,,,,,,,,,,,,
1790777394.5,,,,,,,,,,,,,,,,,,,,,
1790777396.6,,,,,,,,,,,,,,,,,,,,,
1790777398.6,,,,,,,,,,,,,,,,,,,,,
1790777400.7,,,,,,,,,,,,,,,,,,,,,
1790777402.7,,,,,,,,,,,,,,,,,,,,,
1790777404.8,,,,,,,,,,,,,,,,,,,,,
1790777406.8,,,,,,,,,,,,,,,,,,,,,
1790777408.9,,,,,,,,,,,,,,,,,,,,,
1790777410.9,,,,,,,,,,,,,,,,,,,,,
1790777413.0,,,,,,,,,,,,,,,,,,,,,
1790777415.0,,,,,,,,,,,,,,,,,,,,,
1790777417.1,,,,,,,,,,,,,,,,,,,,,
1790777419.2,,,,,,,,,,,,,,,,,,,,,
1790777421.2,,,,,,,,,,,,,,,,,,,,,
1790777423.3,,,,,,,,,,,,,,,,,,,,,
1790777425.3,,,,,,,,,,,,,,,,,,,,,
1790777427.4,,,,,,,,,,,,,,,,,,,,,
1790777429.4,,,,,,,,,,,,,,,,,,,,,
1790777431.5,,,,,,,,,,,,,,,,,,,,,
1790777433.6,,,,,,,,,,,,,,,,,,,,,
1790777435.6,,,,,,,,,,,,,,,,,,,,,
1790777437.7,,,,,,,,,,,,,,,,,,,,,
1790777439.7,,,,,,,,,,,,,,,,,,,,,
1790777441.8,,,,,,,,,,,,,,,,,,,,,
1790777443.8,,,,,,,,,,,,,,,,,,,,,
1790777445.9,,,,,,,,,,,,,,,,,,,,,
1790777447.9,,,,,,,,,,,,,,,,,,,,,
1790777450.0,,,,,,,,,,,,,,,,,,,,,
1790777452.0,,,,,,,,,,,,,,,,,,,,,
1790777454.1,,,,,,,,,,,,,,,,,,,,,
1790777456.2,,,,,,,,,,,,,,,,,,,,,
1790777458.2,,,,,,,,,,,,,,,,,,,,,
1790777460.3,,,,,,,,,,,,,,,,,,,,,
1790777462.3,,,,,,,,,,,,,,,,,,,,,
1790777464.4,,,,,,,,,,,,,,,,,,,,,
1790777466.4,,,,,,,,,,,,,,,,,,,,,
1790777468.5,,,,,,,,,,,,,,,,,,,,,
1790777470.5,,,,,,,,,,,,,,,,,,,,,
1790777472.6,,,,,,,,,,,,,,,,,,,,,
1790777474.7,,,,,,,,,,,,,,,,,,,,,
1790777476.7,,,,,,,,,,,,,,,,,,,,,
1790777478.8,,,,,,,,,,,,,,,,,,,,,
1790777480.8,,,,,,,,,,,,,,,,,,,,,
1790777482.9,,,,,,,,,,,,,,,,,,,,,
1790777484.9,,,,,,,,,,,,,,,,,,,,,
1790777487.0,,,,,,,,,,,,,,,,,,,,,
1790777489.0,,,,,,,,,,,,,,,,,,,,,
1790777491.1,,,,,,,,,,,,,,,,,,,,,
1790777493.1,,,,,,,,,,,,,,,,,,,,,
1790777495.2,,,,,,,,,,,,,,,,,,,,,
1790777497.3,,,,,,,,,,,,,,,,,,,,,
1790777499.3,,,,,,,,,,,,,,,,,,,,,
1790777501.4,,,,,,,,,,,,,,,,,,,,,
1790777503.4,,,,,,,,,,,,,,,,,,,,,
1790777505.5,,,,,,,,,,,,,,,,,,,,,
1790777507.5,,,,,,,,,,,,,,,,,,,,,
1790777509.6,,,,,,,,,,,,,,,,,,,,,
1790777511.6,,,,,,,,,,,,,,,,,,,,,
1790777513.7,,,,,,,,,,,,,,,,,,,,,
1790777515.8,,,,,,,,,,,,,,,,,,,,,
1790777517.8,,,,,,,,,,,,,,,,,,,,,
1790777519.9,,,,,,,,,,,,,,,,,,,,,
1790777521.9,,,,,,,,,,,,,,,,,,,,,
1790777524.0,,,,,,,,,,,,,,,,,,,,,
1790777526.0,,,,,,,,,,,,,,,,,,,,,
1790777528.1,,,,,,,,,,,,,,,,,,,,,
1790777530.1,,,,,,,,,,,,,,,,,,,,,
1790777532.2,,,,,,,,,,,,,,,,,,,,,
1790777534.2,,,,,,,,,,,,,,,,,,,,,
1790777536.3,,,,,,,,,,,,,,,,,,,,,
1790777538.4,,,,,,,,,,,,,,,,,,,,,
1790777540.4,,,,,,,,,,,,,,,,,,,,,
1790777542.5,,,,,,,,,,,,,,,,,,,,,
1790777544.5,,,,,,,,,,,,,,,,,,,,,
1790777546.6,,,,,,,,,,,,,,,,,,,,,
1790777548.6,,,,,,,,,,,,,,,,,,,,,
1790777550.7,,,,,,,,,,,,,,,,,,,,,
1790777552.7,,,,,,,,,,,,,,,,,,,,,
1790777554.8,,,,,,,,,,,,,,,,,,,,,
1790777556.8,,,,,,,,,,,,,,,,,,,,,
1790777558.9,,,,,,,,,,,,,,,,,,,,,
1790777561.0,,,,,,,,,,,,,,,,,,,,,
1790777563.0,,,,,,,,,,,,,,,,,,,,,
1790777565.1,,,,,,,,,,,,,,,,,,,,,
1790777567.1,,,,,,,,,,,,,,,,,,,,,
1790777569.2,,,,,,,,,,,,,,,,,,,,,
1790777571.2,,,,,,,,,,,,,,,,,,,,,
1790777573.3,,,,,,,,,,,,,,,,,,,,,
1790777575.3,,,,,,,,,,,,,,,,,,,,,
1790777577.4,,,,,,,,,,,,,,,,,,,,,
1790777579.5,,,,,,,,,,,,,,,,,,,,,
1790777581.5,,,,,,,,,,,,,,,,,,,,,
1790777583.6,,,,,,,,,,,,,,,,,,,,,
1790777585.6,,,,,,,,,,,,,,,,,,,,,
1790777587.7,,,,,,,,,,,,,,,,,,,,,
1790777589.7,,,,,,,,,,,,,,,,,,,,,
1790777591.8,,,,,,,,,,,,,,,,,,,,,
1790777593.8,,,,,,,,,,,,,,,,,,,,,
1790777595.9,,,,,,,,,,,,,,,,,,,,,
1790777598.0,,,,,,,,,,,,,,,,,,,,,
1790777600.0,,,,,,,,,,,,,,,,,,,,,
1790777602.1,,,,,,,,,,,,,,,,,,,,,
1790777604.1,,,,,,,,,,,,,,,,,,,,,
1790777606.2,,,,,,,,,,,,,,,,,,,,,
1790777608.2,,,,,,,,,,,,,,,,,,,,,
1790777610.3,,,,,,,,,,,,,,,,,,,,,
1790777612.3,,,,,,,,,,,,,,,,,,,,,
1790777614.4,,,,,,,,,,,,,,,,,,,,,
1790777616.4,,,,,,,,,,,,,,,,,,,,,
1790777618.5,,,,,,,,,,,,,,,,,,,,,
1790777620.6,,,,,,,,,,,,,,,,,,,,,
1790777622.6,,,,,,,,,,,,,,,,,,,,,
1790777624.7,,,,,,,,,,,,,,,,,,,,,
1790777626.7,,,,,,,,,,,,,,,,,,,,,
1790777628.8,,,,,,,,,,,,,,,,,,,,,
1790777630.8,,,,,,,,,,,,,,,,,,,,,
1790777632.9,,,,,,,,,,,,,,,,,,,,,
1790777635.0,,,,,,,,,,,,,,,,,,,,,
1790777637.0,,,,,,,,,,,,,,,,,,,,,
1790777639.1,,,,,,,,,,,,,,,,,,,,,
1790777641.2,,,,,,,,,,,,,,,,,,,,,
1790777643.3,,,,,,,,,,,,,,,,,,,,,
1790777645.4,,,,,,,,,,,,,,,,,,,,,
1790777647.4,,,,,,,,,,,,,,,,,,,,,
1790777649.5,,,,,,,,,,,,,,,,,,,,,
1790777651.6,,,,,,,,,,,,,,,,,,,,,
1790777653.6,,,,,,,,,,,,,,,,,,,,,
1790777655.7,,,,,,,,,,,,,,,,,,,,,
1790777657.8,,,,,,,,,,,,,,,,,,,,,
1790777659.8,,,,,,,,,,,,,,,,,,,,,
1790777661.9,,,,,,,,,,,,,,,,,,,,,
1790777663.9,,,,,,,,,,,,,,,,,,,,,
1790777666.0,,,,,,,,,,,,,,,,,,,,,
1790777668.0,,,,,,,,,,,,,,,,,,,,,
1790777670.1,,,,,,,,,,,,,,,,,,,,,
1790777672.2,,,,,,,,,,,,,,,,,,,,,
1790777674.2,,,,,,,,,,,,,,,,,,,,,
1790777676.3,,,,,,,,,,,,,,,,,,,,,
1790777678.3,,,,,,,,,,,,,,,,,,,,,
1790777680.4,,,,,,,,,,,,,,,,,,,,,
1790777682.4,,,,,,,,,,,,,,,,,,,,,
1790777684.5,,,,,,,,,,,,,,,,,,,,,
1790777686.5,,,,,,,,,,,,,,,,,,,,,
1790777688.6,,,,,,,,,,,,,,,,,,,,,
1790777690.6,,,,,,,,,,,,,,,,,,,,,
1790777692.7,,,,,,,,,,,,,,,,,,,,,
1790777694.8,,,,,,,,,,,,,,,,,,,,,
1790777696.8,,,,,,,,,,,,,,,,,,,,,
1790777698.9,,,,,,,,,,,,,,,,,,,,,
1790777700.9,,,,,,,,,,,,,,,,,,,,,
1790777703.0,,,,,,,,,,,,,,,,,,,,,
1790777705.0,,,,,,,,,,,,,,,,,,,,,
1790777707.1,,,,,,,,,,,,,,,,,,,,,
1790777709.1,,,,,,,,,,,,,,,,,,,,,
1790777711.2,,,,,,,,,,,,,,,,,,,,,
1790777713.3,,,,,,,,,,,,,,,,,,,,,
1790777715.3,,,,,,,,,,,,,,,,,,,,,
1790777717.4,,,,,,,,,,,,,,,,,,,,,
1790777719.4,,,,,,,,,,,,,,,,,,,,,
1790777721.5,,,,,,,,,,,,,,,,,,,,,
1790777723.5,,,,,,,,,,,,,,,,,,,,,
1790777725.6,,,,,,,,,,,,,,,,,,,,,
1790777727.7,,,,,,,,,,,,,,,,,,,,,
1790777729.8,,,,,,,,,,,,,,,,,,,,,
1790777731.8,,,,,,,,,,,,,,,,,,,,,
1790777733.9,,,,,,,,,,,,,,,,,,,,,
1790777736.0,,,,,,,,,,,,,,,,,,,,,
1790777738.0,,,,,,,,,,,,,,,,,,,,,
1790777740.1,,,,,,,,,,,,,,,,,,,,,
1790777742.1,,,,,,,,,,,,,,,,,,,,,
1790777744.2,,,,,,,,,,,,,,,,,,,,,
1790777746.2,,,,,,,,,,,,,,,,,,,,,
1790777748.3,,,,,,,,,,,,,,,,,,,,,
1790777750.4,,,,,,,,,,,,,,,,,,,,,
1790777752.4,,,,,,,,,,,,,,,,,,,,,
1790777754.5,,,,,,,,,,,,,,,,,,,,,
1790777756.5,,,,,,,,,,,,,,,,,,,,,
1790777758.6,,,,,,,,,,,,,,,,,,,,,
1790777760.6,,,,,,,,,,,,,,,,,,,,,
1790777762.7,,,,,,,,,,,,,,,,,,,,,
1790777764.8,,,,,,,,,,,,,,,,,,,,,
1790777766.8,,,,,,,,,,,,,,,,,,,,,
1790777768.9,,,,,,,,,,,,,,,,,,,,,
1790777770.9,,,,,,,,,,,,,,,,,,,,,
1790777773.0,,,,,,,,,,,,,,,,,,,,,
1790777775.0,,,,,,,,,,,,,,,,,,,,,
1790777777.1,,,,,,,,,,,,,,,,,,,,,
1790777779.2,,,,,,,,,,,,,,,,,,,,,
1790777781.2,,,,,,,,,,,,,,,,,,,,,
1790777783.3,,,,,,,,,,,,,,,,,,,,,
1790777785.3,,,,,,,,,,,,,,,,,,,,,
1790777787.4,,,,,,,,,,,,,,,,,,,,,
1790777789.5,,,,,,,,,,,,,,,,,,,,,
1790777791.5,,,,,,,,,,,,,,,,,,,,,
1790777793.6,,,,,,,,,,,,,,,,,,,,,
1790777795.6,,,,,,,,,,,,,,,,,,,,,
1790777797.7,,,,,,,,,,,,,,,,,,,,,
1790777799.8,,,,,,,,,,,,,,,,,,,,,
1790777801.8,,,,,,,,,,,,,,,,,,,,,
1790777803.9,,,,,,,,,,,,,,,,,,,,,
1790777805.9,,,,,,,,,,,,,,,,,,,,,
1790777808.0,,,,,,,,,,,,,,,,,,,,,
1790777810.0,,,,,,,,,,,,,,,,,,,,,
1790777812.1,,,,,,,,,,,,,,,,,,,,,
1790777814.1,,,,,,,,,,,,,,,,,,,,,
1790777816.2,,,,,,,,,,,,,,,,,,,,,
1790777818.2,,,,,,,,,,,,,,,,,,,,,
1790777820.3,,,,,,,,,,,,,,,,,,,,,
1790777822.3,,,,,,,,,,,,,,,,,,,,,
1790777824.4,,,,,,,,,,,,,,,,,,,,,
1790777826.4,,,,,,,,,,,,,,,,,,,,,
1790777828.5,,,,,,,,,,,,,,,,,,,,,
1790777830.5,,,,,,,,,,,,,,,,,,,,,
1790777832.6,,,,,,,,,,,,,,,,,,,,,
1790777834.7,,,,,,,,,,,,,,,,,,,,,
1790777836.7,,,,,,,,,,,,,,,,,,,,,
1790777838.8,,,,,,,,,,,,,,,,,,,,,
1790777840.8,,,,,,,,,,,,,,,,,,,,,
1790777842.9,,,,,,,,,,,,,,,,,,,,,
1790777844.9,,,,,,,,,,,,,,,,,,,,,
1790777847.0,,,,,,,,,,,,,,,,,,,,,
1790777849.0,,,,,,,,,,,,,,,,,,,,,
1790777851.1,,,,,,,,,,,,,,,,,,,,,
1790777853.1,,,,,,,,,,,,,,,,,,,,,
1790777855.2,,,,,,,,,,,,,,,,,,,,,
1790777857.2,,,,,,,,,,,,,,,,,,,,,
1790777859.3,,,,,,,,,,,,,,,,,,,,,
1790777861.4,,,,,,,,,,,,,,,,,,,,,
1790777863.4,,,,,,,,,,,,,,,,,,,,,
1790777865.5,,,,,,,,,,,,,,,,,,,,,
1790777867.5,,,,,,,,,,,,,,,,,,,,,
1790777869.6,,,,,,,,,,,,,,,,,,,,,
1790777871.6,,,,,,,,,,,,,,,,,,,,,
1790777873.7,,,,,,,,,,,,,,,,,,,,,
1790777875.7,,,,,,,,,,,,,,,,,,,,,
1790777877.8,,,,,,,,,,,,,,,,,,,,,
1790777879.8,,,,,,,,,,,,,,,,,,,,,
1790777881.9,,,,,,,,,,,,,,,,,,,,,
1790777883.9,,,,,,,,,,,,,,,,,,,,,
1790777886.0,,,,,,,,,,,,,,,,,,,,,
1790777888.0,,,,,,,,,,,,,,,,,,,,,
1790777890.1,,,,,,,,,,,,,,,,,,,,,
1790777892.1,,,,,,,,,,,,,,,,,,,,,
1790777894.2,,,,,,,,,,,,,,,,,,,,,
1790777896.3,,,,,,,,,,,,,,,,,,,,,
1790777898.3,,,,,,,,,,,,,,,,,,,,,
1790777900.4,,,,,,,,,,,,,,,,,,,,,
1790777902.4,,,,,,,,,,,,,,,,,,,,,
1790777904.5,,,,,,,,,,,,,,,,,,,,,
1790777906.5,,,,,,,,,,,,,,,,,,,,,
1790777908.6,,,,,,,,,,,,,,,,,,,,,
1790777910.6,,,,,,,,,,,,,,,,,,,,,
1790777912.7,,,,,,,,,,,,,,,,,,,,,
1790777914.7,,,,,,,,,,,,,,,,,,,,,
1790777916.8,,,,,,,,,,,,,,,,,,,,,
1790777918.8,,,,,,,,,,,,,,,,,,,,,
1790777920.9,,,,,,,,,,,,,,,,,,,,,
1790777923.0,,,,,,,,,,,,,,,,,,,,,
1790777925.0,,,,,,,,,,,,,,,,,,,,,
1790777927.1,,,,,,,,,,,,,,,,,,,,,
1790777929.1,,,,,,,,,,,,,,,,,,,,,
1790777931.2,,,,,,,,,,,,,,,,,,,,,
1790777933.2,,,,,,,,,,,,,,,,,,,,,
1790777935.3,,,,,,,,,,,,,,,,,,,,,
1790777937.3,,,,,,,,,,,,,,,,,,,,,
1790777939.4,,,,,,,,,,,,,,,,,,,,,
1790777941.4,,,,,,,,,,,,,,,,,,,,,
1790777943.5,,,,,,,,,,,,,,,,,,,,,
1790777945.5,,,,,,,,,,,,,,,,,,,,,
1790777947.6,,,,,,,,,,,,,,,,,,,,,
1790777949.6,,,,,,,,,,,,,,,,,,,,,
1790777951.7,,,,,,,,,,,,,,,,,,,,,
1790777953.8,,,,,,,,,,,,,,,,,,,,,
1790777955.8,,,,,,,,,,,,,,,,,,,,,
1790777957.9,,,,,,,,,,,,,,,,,,,,,
1790777959.9,,,,,,,,,,,,,,,,,,,,,
1790777962.0,,,,,,,,,,,,,,,,,,,,,
1790777964.0,,,,,,,,,,,,,,,,,,,,,
1790777966.1,,,,,,,,,,,,,,,,,,,,,
1790777968.1,,,,,,,,,,,,,,,,,,,,,
1790777970.2,,,,,,,,,,,,,,,,,,,,,
1790777972.2,,,,,,,,,,,,,,,,,,,,,
1790777974.3,,,,,,,,,,,,,,,,,,,,,
1790777976.3,,,,,,,,,,,,,,,,,,,,,
1790777978.4,,,,,,,,,,,,,,,,,,,,,
1790777980.4,,,,,,,,,,,,,,,,,,,,,
1790777982.5,,,,,,,,,,,,,,,,,,,,,
1790777984.5,,,,,,,,,,,,,,,,,,,,,
1790777986.6,,,,,,,,,,,,,,,,,,,,,
1790777988.7,,,,,,,,,,,,,,,,,,,,,
1790777990.7,,,,,,,,,,,,,,,,,,,,,
1790777992.8,,,,,,,,,,,,,,,,,,,,,
1790777992.8,,,,,,,,,,,,,,,,,,,,,
